ObjValueWeights	
-1.9112042429	[-0.6723825607 | -0.5583636403 | -0.9847867544 | -2.6103129861 | 0.0678939077 | -0.8725728943 | -2.5437107340 | -4.8213275972 | ]
-2.7280968032	[-0.8282295160 | -1.7624367810 | -0.6244547351 | -0.0216931379 | -1.2221467071 | -2.3434834592 | -0.7714124834 | -4.0063850481 | ]
-3.9781598140	[-0.9036103879 | -1.2320439180 | -1.6787252105 | -4.6021127921 | -2.0008690209 | -0.7051510933 | -0.6691804117 | -1.9899399409 | ]
-3.9781598140	[-0.9036103879 | -1.2320439180 | -1.6787252105 | -4.6021127921 | -2.0008690209 | -0.7051510933 | -0.6691804117 | -1.9899399409 | ]
-3.9781598140	[-0.9036103879 | -1.2320439180 | -1.6787252105 | -4.6021127921 | -2.0008690209 | -0.7051510933 | -0.6691804117 | -1.9899399409 | ]
-5.1527379795	[-1.0467466535 | -2.5888014146 | -0.5663541627 | -1.4589173370 | -1.9395842585 | -1.4874394266 | -1.2924876110 | -7.4186446616 | ]
-5.1552219308	[-1.0467466535 | -2.5888014146 | -0.5663541627 | -1.4589173370 | -1.9395842585 | -1.4874394266 | -1.2924876110 | -7.4186446616 | ]
-5.5460506594	[-1.0467466535 | -2.5888014146 | -0.5663541627 | -1.4589173370 | -1.9395842585 | -1.4874394266 | -1.2924876110 | -7.4186446616 | ]
-6.0136355091	[-1.0467466535 | -2.5888014146 | -0.5663541627 | -1.4589173370 | -1.9395842585 | -1.4874394266 | -1.2924876110 | -7.4186446616 | ]
-7.4223610877	[-2.9224016648 | -2.1033000045 | -1.3073752276 | -1.2820782602 | -0.7196105518 | -0.9818018231 | -18.2789327187 | -9.8226901935 | ]
-8.6718650721	[-2.9224016648 | -2.1033000045 | -1.3073752276 | -1.2820782602 | -0.7196105518 | -0.9818018231 | -18.2789327187 | -9.8226901935 | ]
-9.2327257541	[-2.9224016648 | -2.1033000045 | -1.3073752276 | -1.2820782602 | -0.7196105518 | -0.9818018231 | -18.2789327187 | -9.8226901935 | ]
-9.2327257541	[-2.9224016648 | -2.1033000045 | -1.3073752276 | -1.2820782602 | -0.7196105518 | -0.9818018231 | -18.2789327187 | -9.8226901935 | ]
-9.2327257541	[-2.9224016648 | -2.1033000045 | -1.3073752276 | -1.2820782602 | -0.7196105518 | -0.9818018231 | -18.2789327187 | -9.8226901935 | ]
-10.7954744051	[-2.9224016648 | -2.1033000045 | -1.3073752276 | -1.2820782602 | -0.7196105518 | -0.9818018231 | -18.2789327187 | -9.8226901935 | ]
-11.0890793402	[-2.9224016648 | -2.1033000045 | -1.3073752276 | -1.2820782602 | -0.7196105518 | -0.9818018231 | -18.2789327187 | -9.8226901935 | ]
-11.1680310023	[-2.9224016648 | -2.1033000045 | -1.3073752276 | -1.2820782602 | -0.7196105518 | -0.9818018231 | -18.2789327187 | -9.8226901935 | ]
-11.7598104785	[-2.9224016648 | -2.1033000045 | -1.3073752276 | -1.2820782602 | -0.7196105518 | -0.9818018231 | -18.2789327187 | -9.8226901935 | ]
-11.9606343857	[-2.9224016648 | -2.1033000045 | -1.3073752276 | -1.2820782602 | -0.7196105518 | -0.9818018231 | -18.2789327187 | -9.8226901935 | ]
-11.9606343857	[-2.9224016648 | -2.1033000045 | -1.3073752276 | -1.2820782602 | -0.7196105518 | -0.9818018231 | -18.2789327187 | -9.8226901935 | ]
-11.9606343857	[-2.9224016648 | -2.1033000045 | -1.3073752276 | -1.2820782602 | -0.7196105518 | -0.9818018231 | -18.2789327187 | -9.8226901935 | ]
-12.0108403228	[-2.9224016648 | -2.1033000045 | -1.3073752276 | -1.2820782602 | -0.7196105518 | -0.9818018231 | -18.2789327187 | -9.8226901935 | ]
-16.0436687360	[-2.9224016648 | -2.1033000045 | -1.3073752276 | -1.2820782602 | -0.7196105518 | -0.9818018231 | -18.2789327187 | -9.8226901935 | ]
-17.4402319362	[-2.9224016648 | -2.1033000045 | -1.3073752276 | -1.2820782602 | -0.7196105518 | -0.9818018231 | -18.2789327187 | -9.8226901935 | ]
-18.2995423842	[-2.9224016648 | -2.1033000045 | -1.3073752276 | -1.2820782602 | -0.7196105518 | -0.9818018231 | -18.2789327187 | -9.8226901935 | ]
-19.2625262593	[-2.9224016648 | -2.1033000045 | -1.3073752276 | -1.2820782602 | -0.7196105518 | -0.9818018231 | -18.2789327187 | -9.8226901935 | ]
-20.2463106804	[-2.9224016648 | -2.1033000045 | -1.3073752276 | -1.2820782602 | -0.7196105518 | -0.9818018231 | -18.2789327187 | -9.8226901935 | ]
-20.4603109004	[-2.9224016648 | -2.1033000045 | -1.3073752276 | -1.2820782602 | -0.7196105518 | -0.9818018231 | -18.2789327187 | -9.8226901935 | ]
-20.4965202523	[-2.9224016648 | -2.1033000045 | -1.3073752276 | -1.2820782602 | -0.7196105518 | -0.9818018231 | -18.2789327187 | -9.8226901935 | ]
-23.0459592421	[-2.9224016648 | -2.1033000045 | -1.3073752276 | -1.2820782602 | -0.7196105518 | -0.9818018231 | -18.2789327187 | -9.8226901935 | ]
-23.0459592421	[-2.9224016648 | -2.1033000045 | -1.3073752276 | -1.2820782602 | -0.7196105518 | -0.9818018231 | -18.2789327187 | -9.8226901935 | ]
-23.0459592421	[-2.9224016648 | -2.1033000045 | -1.3073752276 | -1.2820782602 | -0.7196105518 | -0.9818018231 | -18.2789327187 | -9.8226901935 | ]
-26.4973539448	[-2.9224016648 | -2.1033000045 | -1.3073752276 | -1.2820782602 | -0.7196105518 | -0.9818018231 | -18.2789327187 | -9.8226901935 | ]
-26.4973539448	[-2.9224016648 | -2.1033000045 | -1.3073752276 | -1.2820782602 | -0.7196105518 | -0.9818018231 | -18.2789327187 | -9.8226901935 | ]
-26.7191323334	[-2.9224016648 | -2.1033000045 | -1.3073752276 | -1.2820782602 | -0.7196105518 | -0.9818018231 | -18.2789327187 | -9.8226901935 | ]
-34.0990950666	[-2.9224016648 | -2.1033000045 | -1.3073752276 | -1.2820782602 | -0.7196105518 | -0.9818018231 | -18.2789327187 | -9.8226901935 | ]
-34.0990950666	[-2.9224016648 | -2.1033000045 | -1.3073752276 | -1.2820782602 | -0.7196105518 | -0.9818018231 | -18.2789327187 | -9.8226901935 | ]
-35.2542090372	[-2.9224016648 | -2.1033000045 | -1.3073752276 | -1.2820782602 | -0.7196105518 | -0.9818018231 | -18.2789327187 | -9.8226901935 | ]
-35.4630115868	[-2.9224016648 | -2.1033000045 | -1.3073752276 | -1.2820782602 | -0.7196105518 | -0.9818018231 | -18.2789327187 | -9.8226901935 | ]
-37.4181904442	[-2.9224016648 | -2.1033000045 | -1.3073752276 | -1.2820782602 | -0.7196105518 | -0.9818018231 | -18.2789327187 | -9.8226901935 | ]
